0000000000000000000000000000000000000000000000000000000000000000000000000000000000000000000000000000000000000000000000000111111112112100000000000000000000000000000000000000000000000000000000000000000000
0000000000000000000000000000000000000000000000000000000000000000000000000000000000000000000000000000000000000000000000001111112121111000000000000000000000000000000000000000000000000000000000000000000000
0000000000000000000000000000000000000000000000000000000000000000000000000000000000000000000000000000000000000000000000001111112111110000000000000000000000000000000000000000000000000000000000000000000000
0000000000000000000000000000000000000000000000000000000000000000000000000000000000000000000000000000000000000000000000111112113111111000000000000000000000000000000000000000000000000000000000000000000000
000000000000000000000000000000000000000000000000000000000000000000000000000000000000000000000000000000000000000000011111111164 352111110000000000000000000000000000000000000000000000000000000000000000000
00000000000000000000000000000000000000000000000000000000000000000000000000000000000000000000000000000000000000000121114111127   31111112100000000000000000000000000000000000000000000000000000000000000000
00000000000000000000000000000000000000000000000000000000000000000000000000000000000000000000000000000000000000000111124223       4211211100000000000000000000000000000000000000000000000000000000000000000
00000000000000000000000000000000000000000000000000000000000000000000000000000000000000000000000000000000000000001111113             8211100000000000000000000000000000000000000000000000000000000000000000
00000000000000000000000000000000000000000000000000000000000000000000000000000000000000000000000000000000000000001111222             3111110000000000000000000000000000000000000000000000000000000000000000
00000000000000000000000000000000000000000000000000000000000000000000000000000000000000000000000000000000000000111111128              521111000000000000000000000000000000000000000000000000000000000000000
00000000000000000000000000000000000000000000000000000000000000000000000000000000000000000000000000000000000011111111179             3311111111000000000000000000000000000000000000000000000000000000000000
000000000000000000000000000000000000000000000000000000000000000000000000000000000000000000011211113211111111111111111115           21111111111111100000000001111000000000000000000000000000000000000000000
000000000000000000000000000000000000000000000000000000000000000000000000000000000000000000011151241111111111343116317242238     432222 1291112371111110000111211000000000000000000000000000000000000000000
00000000000000000000000000000000000000000000000000000000000000000000000000000000000000000001113624 2331111113  2                        5 2229 21111111111111111100000000000000000000000000000000000000000
0000000000000000000000000000000000000000000000000000000000000000000000000000000000000000000111116     6113 2                                   21111111221111122110000000000000000000000000000000000000000
00000000000000000000000000000000000000000000000000000000000000000000000000000000000000000011111226     23                                         21127   3 5212110000000000000000000000000000000000000000
00000000000000000000000000000000000000000000000000000000000000000000000000000000000000000111111323    7                                             24     62111100000000000000000000000000000000000000000
0000000000000000000000000000000000000000000000000000000000000000000000000000000000000001111111111223                                                        5211000000000000000000000000000000000000000000
0000000000000000000000000000000000000000000000000000000000000000000000000000000000000011112111                                                           4721111000000000000000000000000000000000000000000
00000000000000000000000000000000000000000000000000000000000000000000000000000000000011112472624                                                           211111000000000000000000000000000000000000000000
000000000000000000000000000000000000000000000001110000000000000000000000000000000001111172                                                                723311110000000000000000000000000000000000000000
000000000000000000000000000000000000000000000000111110000000000000000000000000000111111111235                                                                111111110000000000000000000000000000000000000
000000000000000000000000000000000000000000000001111111110000011111111100000000011111111322                                                                   233311310000000000000000000000000000000000000
0000000000000000000000000000000000000000000000011121111111111111311111111111111111111335                                                                         83210000000000000000000000000000000000000
00000000000000000000000000000000000000000000000111111221121111111132111221111111111111125                                                                       941100000000000000000000000000000000000000
0000000000000000000000000000000000000000000000001111111297221121923 21124111111111111                                                                          1111100000000000000000000000000000000000000
00000000000000000000000000000000000000000000000011111132   6223 43  3343 31311111111137                                                                        2111100000000000000000000000000000000000000
00000000000000000000000000000000000000000000000011111113                  5 4231111112                                                                           13300000000000000000000000000000000000000
00000000000000000000000000000000000000000000001111111223:                     43111124                                                                          321100000000000000000000000000000000000000
0000000000000000000000000000000000000001111111111123 77                        7 112                                                                           4111000000000000000000000000000000000000000
0000000000000000000000000000000000000111111111111116                             4224                                                                           310000000000000000000000000000000000000000
000000000000000000000000000000000000011121111211113                                2                                                                          11110000000000000000000000000000000000000000
000000000000000000000000000000000000111111311223125                                3                                                                         281000000000000000000000000000000000000000000
00000000000000011000000000000000001111111125    923                                                                                                         2110000000000000000000000000000000000000000000
0000000000000001111111111111111111111111223                                                                                                                11110000000000000000000000000000000000000000000
 33343334434447  45444545 55665677: 9                                                                                                                  211111100000000000000000000000000000000000000000000
0000000000000001111111111111111111111111223                                                                                                                11110000000000000000000000000000000000000000000
00000000000000011000000000000000001111111125    923                                                                                                         2110000000000000000000000000000000000000000000
000000000000000000000000000000000000111111311223125                                3                                                                         271000000000000000000000000000000000000000000
000000000000000000000000000000000000011121111211113                                2                                                                          11110000000000000000000000000000000000000000
0000000000000000000000000000000000000111111111111116                             4224                                                                           310000000000000000000000000000000000000000
0000000000000000000000000000000000000001111111111123 77                        7 112                                                                           4111000000000000000000000000000000000000000
00000000000000000000000000000000000000000000001111111223:                     43111124                                                                          321100000000000000000000000000000000000000
00000000000000000000000000000000000000000000000011111113                  5 4231111112                                                                           13300000000000000000000000000000000000000
00000000000000000000000000000000000000000000000011111132   6223 43  3343 31311111111137                                                                        2111100000000000000000000000000000000000000
0000000000000000000000000000000000000000000000001111111297221121 23 21124111111111111                                                                          1111100000000000000000000000000000000000000
00000000000000000000000000000000000000000000000111111221121111111132111221111111111111125                                                                       :41100000000000000000000000000000000000000
0000000000000000000000000000000000000000000000011121111111111111311111111111111111111335                                                                         83210000000000000000000000000000000000000
000000000000000000000000000000000000000000000001111111110000011111111100000000011111111322                                                                   233311310000000000000000000000000000000000000
000000000000000000000000000000000000000000000000111110000000000000000000000000000111111111235                                                                111111110000000000000000000000000000000000000
000000000000000000000000000000000000000000000001110000000000000000000000000000000001111172                                                                723311110000000000000000000000000000000000000000
00000000000000000000000000000000000000000000000000000000000000000000000000000000000011112472624                                                           211111000000000000000000000000000000000000000000
0000000000000000000000000000000000000000000000000000000000000000000000000000000000000011112111                                                           4721111000000000000000000000000000000000000000000
0000000000000000000000000000000000000000000000000000000000000000000000000000000000000001111111111223                                                        5211000000000000000000000000000000000000000000
00000000000000000000000000000000000000000000000000000000000000000000000000000000000000000111111323    7                                             24     62111100000000000000000000000000000000000000000
00000000000000000000000000000000000000000000000000000000000000000000000000000000000000000011111226     23                                         21127   3 5212110000000000000000000000000000000000000000
0000000000000000000000000000000000000000000000000000000000000000000000000000000000000000000111116     6113 2                                   21111111221111122110000000000000000000000000000000000000000
00000000000000000000000000000000000000000000000000000000000000000000000000000000000000000001113624:2331111113  2                        5 2229 21111111111111111100000000000000000000000000000000000000000
000000000000000000000000000000000000000000000000000000000000000000000000000000000000000000011151241111111111343116317242238     432222 1291112371111110000111211000000000000000000000000000000000000000000
000000000000000000000000000000000000000000000000000000000000000000000000000000000000000000011211113211111111111111111115           21111111111111100000000001111000000000000000000000000000000000000000000
00000000000000000000000000000000000000000000000000000000000000000000000000000000000000000000000000000000000011111111179             3311111111000000000000000000000000000000000000000000000000000000000000
00000000000000000000000000000000000000000000000000000000000000000000000000000000000000000000000000000000000000111111128              521111000000000000000000000000000000000000000000000000000000000000000
00000000000000000000000000000000000000000000000000000000000000000000000000000000000000000000000000000000000000001111222             3111110000000000000000000000000000000000000000000000000000000000000000
00000000000000000000000000000000000000000000000000000000000000000000000000000000000000000000000000000000000000001111113             8211100000000000000000000000000000000000000000000000000000000000000000
00000000000000000000000000000000000000000000000000000000000000000000000000000000000000000000000000000000000000000111124223       4211211100000000000000000000000000000000000000000000000000000000000000000
00000000000000000000000000000000000000000000000000000000000000000000000000000000000000000000000000000000000000000121114111127   31111112100000000000000000000000000000000000000000000000000000000000000000
000000000000000000000000000000000000000000000000000000000000000000000000000000000000000000000000000000000000000000011111111164 352111110000000000000000000000000000000000000000000000000000000000000000000
0000000000000000000000000000000000000000000000000000000000000000000000000000000000000000000000000000000000000000000000111112113111111000000000000000000000000000000000000000000000000000000000000000000000
0000000000000000000000000000000000000000000000000000000000000000000000000000000000000000000000000000000000000000000000001111112111110000000000000000000000000000000000000000000000000000000000000000000000
0000000000000000000000000000000000000000000000000000000000000000000000000000000000000000000000000000000000000000000000001111112121111000000000000000000000000000000000000000000000000000000000000000000000
0000000000000000000000000000000000000000000000000000000000000000000000000000000000000000000000000000000000000000000000000111111112112100000000000000000000000000000000000000000000000000000000000000000000
000000000000000000000000000000000000000000000000000000000000000000000000000000000000000000000000000000000000000000000000011 111000001000000000000000000000000000000000000000000000000000000000000000000000
